function [eff,p,data] = PetersonMannData()
%Returns Peterson & Mann Digitized Data + Fits
% Noted fitted functions expect MW

%Pressure Levels
p = [14;28;41;61;82;102];

%Fits (in MW)
eff.p14 = @(Q) -0.1175*Q.^(-0.5198) + 0.8406;
eff.p28 = @(Q) -0.1569*Q.^(-0.4538) + 0.8359;
eff.p41 = @(Q) -0.1743*Q.^(-0.454) + 0.8233;
eff.p61 = @(Q) -0.1975*Q.^(-0.4344) + 0.8219;
eff.p82 = @(Q) -0.2314*Q.^(-0.3755) + 0.8338;
eff.p102 = @(Q) -0.2542*Q.^(-0.3519) + 0.8392;

%Data
data.p14 = [
0.14742689	0.52686447
0.22180486	0.581348
0.29647347	0.6159194
0.37152267	0.64106005
0.44121423	0.6599151
0.5771321	0.68400025
0.7309899	0.7059924
1.1111214	0.73110366
2.2324786	0.7645642
4.436632	0.7833411
7.268781	0.80109835
14.444136	0.81463045
21.948473	0.8198117
44.076374	0.82075477
73.76269	0.82487243];
data.p28 = [
0.14888526	0.47126842
0.221587	0.5194599
0.29622176	0.56242293
0.36721012	0.58127147
0.43612903	0.60537124
0.5829091	0.63574684
0.72260094	0.6545954
1.1104	0.6901946
2.2074466	0.7299505
4.435007	0.7602642
7.265634	0.77382565
14.438363	0.78945565
21.939701	0.7946369
43.129395	0.8039748
74.54449	0.8133323];
data.p41 = [
0.22144312	0.4785508
0.29285643	0.5183686
0.37097853	0.5487523
0.43586758	0.567609
0.5826082	0.6032294
0.7379013	0.6231236
1.1098082	0.65662813
2.2065277	0.7037267
4.433161	0.73404044
7.1857233	0.75284827
14.433555	0.7684766
21.933855	0.77785367
44.05802	0.794531
74.52835	0.79969597];
data.p61 = [
0.2958569	0.48480052
0.3708179	0.5214796
0.4451263	0.54033303
0.582356	0.57595664
0.7455111	0.5937514
1.1093463	0.63040435
2.229543	0.68169713
4.432201	0.720404
7.2617626	0.7402592
14.587505	0.76113236
22.167807	0.77051
44.049953	0.78299254
72.935616	0.79025865];
data.p82 = [
0.2926224	0.46801895
0.36279047	0.49421012
0.45462713	0.51935077
0.5697587	0.54973614
0.73734844	0.5759208
1.1089952	0.6104743
2.1816413	0.6649172
4.4306507	0.69837606
7.337996	0.7224254
14.742362	0.7506412
21.694061	0.7610721
44.046284	0.7777478
72.93318	0.78816074];
data.p102 = [
0.29568937	0.4491362
0.37054008	0.4742768
0.44964936	0.5015202
0.5882637	0.5360949
0.73717654	0.5612355
1.1206933	0.59578735
2.2282808	0.64603275
4.4296913	0.6847397
7.258377	0.71088856
14.427305	0.7412039
21.925455	0.7537278
44.042614	0.772503
73.71479	0.7839633];


%% Fitting Code
% p14 = fit(pm14(:,1),pm14(:,2),'power2');
% p28 = fit(pm28(:,1),pm28(:,2),'power2');
% p41 = fit(pm41(:,1),pm41(:,2),'power2');
% p61 = fit(pm61(:,1),pm61(:,2),'power2')
% p82 = fit(pm82(:,1),pm82(:,2),'power2')
% p102 = fit(pm102(:,1),pm102(:,2),'power2')
